001110001
010011011
001110010
010011100
001110000
010010101
011100100
000010101
010110000
010010011
011100101
000010101
010110000
010010100
001110101
010011101
010100011
001101101
001011011
010010010
001110011
010011101
010100011
001101101
010001011
011110010
010010010
010100100
001101011
010011000
001110100
010011101
010101000
001011101
011110010
010010010
001110101
010011101
010100100
001101101
010010001
010100100
010001011
010011110
001011011
010011111
001110100
010011101
010100011
001101101
010001011
010011010
011111111
001011011
010011111
010101010
001001110
010011110
001110010
010011100
010100011
001101100
010001011
010011010
011111111
001011011
010011111
010101010
001001110
010011110
010100011
001101011
010001011
010011010
011111111
010011111
010101010
001001110
010011110
001110010
010011100
010100001
001101100
010010011
001110001
010011011
010100001
001101011
010010100
010100100
010001011
001000011
010010011
010010111
010100001
010001011
001000011
010010011
001110111
010011101
010100010
001101101
010001011
001000011
010010011
010010100
001110110
010011101
010100010
001101101
010001011
001000011
010010011
001110101
010011101
010100010
001101101
010001011
001000011
010010011
001110100
010011101
010100010
001101101
010001011
001000011
010010011
010011000
001110101
010011101
010100001
001011101
010010110
001110100
010011101
010100010
001101101
011110110
001101011
001011011
011110011
010010011
001110011
010011101
010100010
001101101
010001011
001000100
010010100
010100010
001101100
010001011
001000100
010010100
010100010
001101011
010001011
001000100
010010100
001110110
010011101
010100010
001101101
010001011
001000111
010010111
001110101
010011101
010100010
001101101
010001011
001000111
010010111
001110011
010011101
010100010
001101101
010001011
001000111
010010111
010100010
001101100
010001011
001000111
010010111
010100010
010001011
001000111
010010111
010100001
001101100
010001011
010010110
010100001
010001011
001000110
010010110
001110110
010011101
010100010
001101101
010001011
001000110
010010110
001110100
010011101
010100010
001101101
010001011
001000110
010010110
001110011
010011101
010100010
001101101
010001011
001000110
010010110
010100010
001101011
010001011
001000110
010010110
010100010
010001011
001000110
010010110
010101000
010011001
010100010
001101101
010001011
001001000
010011000
010100010
001101100
010001011
001001000
010011000
010100010
001101011
010001011
001001000
010011000
010100010
010001011
001001000
010011000
010101110
001001000
010011000
010101001
001011011
010011001
010100100
011111001
001011011
010011001
010100111
011111001
001011011
010011001
010100110
011111001
010011001
011100100
000010101
010110000
010010011
010001011
001001000
001001011
101000010
010100011
001101011
010001011
001000110
010011010
010100011
001101100
010001011
001000111
001011011
011111010
010011010
001110100
010011101
010100011
001101101
010001011
001000100
001011100
011111010
010011010
001110011
010011101
011100101
000010101
010110000
010010011
010001011
001001000
001011101
011111010
010011010
011100101
000010101
010110000
010010001
011100100
000010101
010110000
010010010
001110011
010011101
010101010
001101101
001001011
100001101
001110000
010011001
001111000
010011101
010101010
000001101
010011010
010101011
001011010
001000001
010010001
100011001
001110000
010011001
010101011
001011010
001000010
010010010
100010010
010101111
001001001
100001101
011100101
000010101
010110000
010010001
011100100
000010101
010110000
010010010
001110000
010011001
001110001
100000011
001110001
010011001
001110101
010011101
010100010
001101101
001011011
010010011
001110011
010011101
010100010
001101101
010001011
011110011
010010011
010100001
001101011
010010111
001110100
010011101
010100111
001011101
011110011
010010011
001110101
010011101
010100001
001101101
010010100
010101001
001001011
100000111
001110111
010011101
010101011
001011101
011110100
010010100
011100110
000010101
010010001
010100011
011000001
011100111
000010101
010010001
010100100
011000001
001110010
010011100
010100101
000011100
010010101
001111111
010011101
010100101
000001101
000001101
000110110
011010110
