001110001
010011011
001110010
010011100
001110011
010011010
001110000
010010101
010011000
010011001
010010100
011101000
000010101
010110000
010010001
011101001
000010101
010110000
010010010
011101010
010110000
001011010
001101010
010010011
010100101
100000011
010101011
100111010
010101110
001011011
010011111
001110111
010011101
010100001
001101101
011111111
001000011
100000100
010100100
000011011
010010100
001110111
010011101
010101110
010001101
001011100
010011111
001110110
010011101
010100001
001101101
011111111
001000011
100000100
010100100
000011011
010010100
010101110
010001010
001011010
010011111
001110101
010011101
010100001
001101101
011111111
001000011
100000100
010100100
000011011
010010100
001110100
010011101
010101110
010001011
001011101
010011111
010100001
001101101
011111111
001000011
100000100
010100100
000011011
010010100
001110000
010011111
010100001
001101010
001000011
100000111
010101001
000011011
010011001
010101111
000011011
010011111
010100001
001011011
001101010
001000011
100000111
010101001
000011011
010011001
010101111
000011011
010011111
010100001
001011100
001101010
001000011
100000111
010101001
000011011
010011001
010101111
000011011
010011111
010100001
001011010
001101010
001000011
100000111
010101001
000011011
010011001
010101111
000011011
010011111
010101111
100001000
001110000
010011101
010101000
000011101
010011000
010101011
100000100
010101000
000011011
010011000
001110000
010011111
010100010
001101010
001000011
100000111
010101001
000011011
010011001
010101111
000011011
010011111
010100010
001011011
001101010
001000011
100000111
010101001
000011011
010011001
010101111
000011011
010011111
010100010
001011100
001101010
001000011
100000111
010101001
000011011
010011001
010101111
000011011
010011111
010100010
001011010
001101010
001000011
100000111
010101001
000011011
010011001
010101111
000011011
010011111
010101111
100001000
001110000
010011101
010101000
000011101
010011000
010101011
100000100
010101000
000011011
010011000
001111111
010011101
010100001
010001101
001011011
010011110
001110111
010011101
010100010
001101101
011111110
001000011
100000100
010100100
000011011
010010100
001110111
010011101
010100001
010001101
001011100
010011110
001110110
010011101
010100010
001101101
011111110
001000011
100000100
010100100
000011011
010010100
010100001
010001010
001011010
010011110
001110101
010011101
010100010
001101101
011111110
001000011
100000100
010100100
000011011
010010100
001110100
010011101
010100001
010001011
001011101
010011110
010100010
001101101
011111110
001000011
100000100
010100100
000011011
010010100
010100101
000011100
010010101
001111111
010011101
010100010
010001101
010011110
010100101
000001101
000001101
000001100
000111011
011101011
010011101
010101001
011001101
011101100
010011110
010101000
011001110
011101101
010011111
010100100
000011001
011001111
011011111
