001110000
010011110
010011111
001110001
010011011
011100000
000011110
010110000
010010010
010101110
000011011
010011110
011100000
000011110
010110000
010010001
010101110
000011011
010011110
001110010
010011100
010100001
001101100
010010011
001110001
010011011
010100001
001101011
010010100
010100100
010001011
001000011
010010011
010010111
010100001
010001011
001000011
010010011
001110111
010011101
010100010
001101101
010001011
001000011
010010011
010010100
001110110
010011101
010100010
001101101
010001011
001000011
010010011
001110101
010011101
010100010
001101101
010001011
001000011
010010011
001110100
010011101
010100010
001101101
010001011
001000011
010010011
010011000
001110101
010011101
010100001
001011101
010010110
001110011
010011101
010100010
001101101
011110110
001101011
001011011
011110011
010010011
001110011
010011101
010100010
001101101
010001011
001000100
010010100
010100010
001101100
010001011
001000100
010010100
010100010
001101011
010001011
001000100
010010100
001110110
010011101
010100010
001101101
010001011
001000111
010010111
001110101
010011101
010100010
001101101
010001011
001000111
010010111
001110011
010011101
010100010
001101101
010001011
001000111
010010111
010100010
001101100
010001011
001000111
010010111
010100010
010001011
001000111
010010111
010100001
001101100
010001011
010010110
010100001
010001011
001000110
010010110
001110110
010011101
010100010
001101101
010001011
001000110
010010110
001110100
010011101
010100010
001101101
010001011
001000110
010010110
001110011
010011101
010100010
001101101
010001011
001000110
010010110
010100010
001101011
010001011
001000110
010010110
010100010
010001011
001000110
010010110
010101000
010011001
010100010
001101101
010001011
001001000
010011000
010100010
001101100
010001011
001001000
010011000
010100010
001101011
010001011
001001000
010011000
010100010
010001011
001001000
010011000
010101001
001001000
010011000
010100100
001001000
010011000
010100111
001001000
010011000
010100110
001001000
010011000
010100010
001101011
010011010
001110101
010011101
010101010
001011101
010011010
001110100
010011101
010100100
001011101
011111010
010011010
001110011
010011101
010100010
010001011
001011101
011111010
010011010
010100111
001011100
011111010
010011010
010100110
001011011
011111010
010011010
010101000
011111010
010011010
011100010
000011111
010010101
010101010
011000101
010101111
000011011
010011111
011100010
000011111
010010101
010100011
011000101
010101111
000011011
010011111
001111111
010011101
010101110
000001101
000001101
100000101
011011101
